  0.00   -1.00   -5.00   -4.00 1    5.01    5.00    0.00 2    0.01    5.01    2.00 
  1.00   -1.00   -5.00   -4.00 1    5.10    5.00    0.00 2    0.12    5.11    1.99 
  2.00   -1.00   -4.99   -3.99 1    5.17    4.99    0.01 2    0.25    5.20    1.98 
  3.00   -0.99   -4.97   -3.99 1    5.21    4.98    0.02 2    0.39    5.28    1.95 
  4.00   -0.98   -4.95   -3.98 1    5.24    4.96    0.04 2    0.54    5.35    1.91 
  5.00   -0.97   -4.92   -3.96 1    5.25    4.94    0.06 2    0.72    5.42    1.86 
  6.00   -0.96   -4.89   -3.95 1    5.23    4.91    0.09 2    0.91    5.48    1.81 
  7.00   -0.95   -4.85   -3.93 1    5.19    4.89    0.12 2    1.13    5.53    1.74 
  8.00   -0.93   -4.81   -3.91 1    5.12    4.86    0.16 2    1.36    5.57    1.65 
  9.00   -0.91   -4.76   -3.88 1    5.03    4.83    0.21 2    1.62    5.60    1.55 
 10.00   -0.89   -4.71   -3.85 1    4.89    4.80    0.27 2    1.91    5.62    1.44 
 11.00   -0.87   -4.65   -3.82 1    4.71    4.78    0.34 2    2.25    5.62    1.31 
 12.00   -0.84   -4.58   -3.79 1    4.47    4.78    0.44 2    2.64    5.59    1.15 
 13.00   -0.82   -4.51   -3.76 1    4.12    4.82    0.57 2    3.13    5.51    0.95 
 14.00   -0.78   -4.43   -3.72 1    3.69    5.13    0.72 2    3.84    4.73    0.67 
 15.00   -0.75   -4.34   -3.68 1    3.76    5.10    0.68 2    3.61    7.14    0.68 
 16.00   -0.71   -4.25   -3.63 1    3.82    5.06    0.63 2    3.50   10.36    0.63 
 17.00   -0.67   -4.15   -3.59 1    3.88    5.01    0.59 2    3.38   13.53    0.57 
 18.00   -0.63   -4.05   -3.54 1    3.94    4.95    0.54 2    3.27   16.69    0.51 
 19.00   -0.58   -3.93   -3.48 1    3.99    4.89    0.48 2    3.16   19.84    0.45 
 20.00   -0.53   -3.82   -3.42 1    4.04    4.82    0.42 2    3.05   22.98    0.39 
 21.00   -0.47   -3.69   -3.36 1    4.08    4.74    0.36 2    2.93   26.11    0.33 
 22.00   -0.41   -3.55   -3.30 1    4.12    4.66    0.30 2    2.82   29.25    0.27 
 23.00   -0.35   -3.41   -3.23 1    4.16    4.57    0.23 2    2.71   32.38    0.21 
 24.00   -0.28   -3.26   -3.16 1    4.19    4.46    0.16 2    2.60   35.51    0.15 
 25.00   -0.20   -3.10   -3.09 1    4.21    4.35    0.09 2    2.48   38.63    0.09 
 26.00   -0.12   -2.93   -3.01 1    4.23    4.23    0.01 2    2.37   41.76    0.03 
 27.00   -0.04   -2.75   -2.93 1    4.25    4.10   -0.07 2    2.26   44.88   -0.03 
 28.00    0.06   -2.56   -2.84 1    4.25    3.96   -0.16 2    2.14   48.01   -0.09 
 29.00    0.16   -2.36   -2.75 1    4.25    3.81   -0.25 2    2.03   51.13   -0.15 
 30.00    0.26   -2.14   -2.65 1    4.25    3.64   -0.35 2    1.92   54.25   -0.21 
 31.00    0.38   -1.91   -2.55 1    4.23    3.46   -0.45 2    1.81   57.37   -0.27 
 32.00    0.51   -1.66   -2.44 1    4.20    3.27   -0.56 2    1.69   60.49   -0.33 
 33.00    0.66   -1.40   -2.32 1    4.15    3.05   -0.68 2    1.58   63.61   -0.39 
 34.00    0.82   -1.11   -2.19 1    4.09    2.82   -0.81 2    1.47   66.73   -0.45 
 35.00    1.00   -0.80   -2.06 1    4.01    2.55   -0.94 2    1.36   69.85   -0.51 
 36.00    1.22   -0.45   -1.91 1    3.89    2.26   -1.09 2    1.24   72.97   -0.57 
 37.00    1.48   -0.06   -1.76 1    3.73    1.91   -1.24 2    1.13   76.08   -0.63 
 38.00    1.83    0.41   -1.58 1    3.48    1.49   -1.42 2    1.02   79.20   -0.69 
 39.00    2.71    0.98   -1.50 1    2.93    0.93   -1.60 2    0.91   82.32   -0.75 
 40.00    2.76    1.00   -1.50 1    3.89   -4.00   -4.88 2    0.79   85.44   -0.81 
 41.00    2.80    1.03   -1.50 1    5.32  -10.27   -9.12 2    0.68   88.55   -0.87 
 42.00    2.85    1.05   -1.50 1    6.76  -16.52  -13.35 2    0.57   91.67   -0.93 
 43.00    2.90    1.08   -1.50 1    8.19  -22.78  -17.57 2    0.46   94.78   -0.99 
 44.00    2.95    1.10   -1.50 1    9.62  -29.03  -21.80 2    0.34   97.90   -1.05 
 45.00    3.00    1.13   -1.50 1   11.05  -35.28  -26.02 2    0.23  101.02   -1.11 
 46.00    3.05    1.15   -1.50 1   12.48  -41.53  -30.25 2    0.12  104.13   -1.17 
 47.00    3.10    1.18   -1.50 1   13.91  -47.78  -34.47 2    0.01  107.25   -1.23 
 48.00    3.15    1.20   -1.50 1   15.34  -54.02  -38.70 2   -0.11  110.36   -1.29 
 49.00    3.20    1.23   -1.50 1   16.77  -60.27  -42.92 2   -0.22  113.48   -1.35 
 50.00    3.25    1.25   -1.50 1   18.20  -66.52  -47.15 2   -0.33  116.59   -1.42 
 51.00    3.30    1.28   -1.50 1   19.63  -72.77  -51.37 2   -0.44  119.70   -1.48 
 52.00    3.35    1.30   -1.50 1   21.06  -79.01  -55.59 2   -0.56  122.82   -1.54 
 53.00    3.40    1.33   -1.50 1   22.49  -85.26  -59.82 2   -0.67  125.93   -1.60 
 54.00    3.45    1.35   -1.50 1   23.92  -91.51  -64.04 2   -0.78  129.05   -1.66 
 55.00    3.50    1.38   -1.50 1   25.35  -97.75  -68.26 2   -0.89  132.16   -1.72 
 56.00    3.55    1.40   -1.50 1   26.78 -104.00  -72.48 2   -1.01  135.28   -1.78 
 57.00    3.60    1.43   -1.50 1   28.22 -110.25  -76.71 2   -1.12  138.39   -1.84 
 58.00    3.65    1.45   -1.50 1   29.65 -116.49  -80.93 2   -1.23  141.50   -1.90 
 59.00    3.70    1.48   -1.50 1   31.08 -122.74  -85.15 2   -1.34  144.62   -1.96 
 60.00    3.75    1.50   -1.50 1   32.51 -128.99  -89.38 2   -1.46  147.73   -2.02 
 61.00    3.80    1.53   -1.50 1   33.94 -135.23  -93.60 2   -1.57  150.84   -2.08 
 62.00    3.85    1.55   -1.50 1   35.37 -141.48  -97.82 2   -1.68  153.96   -2.14 
 63.00    3.90    1.58   -1.50 1   36.80 -147.72 -102.04 2   -1.79  157.07   -2.20 
 64.00    3.95    1.60   -1.50 1   38.23 -153.97 -106.27 2   -1.91  160.18   -2.26 
 65.00    4.00    1.63   -1.50 1   39.66 -160.22 -110.49 2   -2.02  163.30   -2.32 
 66.00    4.05    1.65   -1.50 1   41.09 -166.46 -114.71 2   -2.13  166.41   -2.38 
 67.00    4.10    1.68   -1.50 1   42.52 -172.71 -118.93 2   -2.24  169.52   -2.44 
 68.00    4.15    1.70   -1.50 1   43.95 -178.95 -123.16 2   -2.35  172.63   -2.50 
 69.00    4.20    1.73   -1.50 1   45.38 -185.20 -127.38 2   -2.47  175.75   -2.56 
 70.00    4.25    1.75   -1.50 1   46.81 -191.44 -131.60 2   -2.58  178.86   -2.62 
 71.00    4.30    1.78   -1.50 1   48.24 -197.69 -135.82 2   -2.69  181.97   -2.68 
 72.00    4.35    1.80   -1.50 1   49.67 -203.94 -140.05 2   -2.80  185.09   -2.74 
 73.00    4.40    1.83   -1.50 1   51.10 -210.18 -144.27 2   -2.92  188.20   -2.80 
 74.00    4.45    1.85   -1.50 1   52.53 -216.43 -148.49 2   -3.03  191.31   -2.86 
 75.00    4.50    1.88   -1.50 1   53.96 -222.67 -152.71 2   -3.14  194.42   -2.92 
 76.00    4.55    1.90   -1.50 1   55.39 -228.92 -156.94 2   -3.25  197.54   -2.98 
 77.00    4.60    1.93   -1.50 1   56.82 -235.16 -161.16 2   -3.37  200.65   -3.04 
 78.00    4.65    1.95   -1.50 1   58.25 -241.41 -165.38 2   -3.48  203.76   -3.10 
 79.00    4.70    1.98   -1.50 1   59.68 -247.65 -169.60 2   -3.59  206.87   -3.16 
 80.00    4.75    2.00   -1.50 1   61.11 -253.90 -173.83 2   -3.70  209.98   -3.22 
 81.00    4.80    2.03   -1.50 1   62.54 -260.15 -178.05 2   -3.82  213.10   -3.28 
 82.00    4.85    2.05   -1.50 1   63.97 -266.39 -182.27 2   -3.93  216.21   -3.34 
 83.00    4.90    2.08   -1.50 1   65.40 -272.64 -186.49 2   -4.04  219.32   -3.40 
 84.00    4.95    2.10   -1.50 1   66.83 -278.88 -190.71 2   -4.15  222.43   -3.46 
 85.00    5.00    2.13   -1.50 1   68.26 -285.13 -194.94 2   -4.27  225.54   -3.52 
 86.00    5.05    2.15   -1.50 1   69.69 -291.37 -199.16 2   -4.38  228.66   -3.59 
 87.00    5.10    2.18   -1.50 1   71.12 -297.62 -203.38 2   -4.49  231.77   -3.65 
 88.00    5.15    2.20   -1.50 1   72.55 -303.86 -207.60 2   -4.60  234.88   -3.71 
 89.00    5.20    2.23   -1.50 1   73.98 -310.11 -211.83 2   -4.71  237.99   -3.77 
 90.00    5.25    2.25   -1.50 1   75.41 -316.35 -216.05 2   -4.83  241.10   -3.83 
 91.00    5.30    2.28   -1.50 1   76.84 -322.60 -220.27 2   -4.94  244.21   -3.89 
 92.00    5.35    2.30   -1.50 1   78.27 -328.84 -224.49 2   -5.05  247.33   -3.95 
 93.00    5.40    2.33   -1.50 1   79.70 -335.09 -228.71 2   -5.16  250.44   -4.01 
 94.00    5.45    2.35   -1.50 1   81.13 -341.34 -232.94 2   -5.28  253.55   -4.07 
 95.00    5.50    2.38   -1.50 1   82.56 -347.58 -237.16 2   -5.39  256.66   -4.13 
 96.00    5.55    2.40   -1.50 1   83.99 -353.83 -241.38 2   -5.50  259.77   -4.19 
 97.00    5.60    2.43   -1.50 1   85.42 -360.07 -245.60 2   -5.61  262.88   -4.25 
 98.00    5.65    2.45   -1.50 1   86.85 -366.32 -249.82 2   -5.73  266.00   -4.31 
 99.00    5.70    2.48   -1.50 1   88.28 -372.56 -254.05 2   -5.84  269.11   -4.37 
100.00    5.75    2.50   -1.50 1   89.71 -378.81 -258.27 2   -5.95  272.22   -4.43 
101.00    5.80    2.53   -1.50 1   91.14 -385.05 -262.49 2   -6.06  275.33   -4.49 
102.00    5.85    2.55   -1.50 1   92.57 -391.30 -266.71 2   -6.18  278.44   -4.55 
103.00    5.90    2.58   -1.50 1   94.00 -397.54 -270.94 2   -6.29  281.55   -4.61 
104.00    5.95    2.60   -1.50 1   95.43 -403.79 -275.16 2   -6.40  284.66   -4.67 
105.00    6.00    2.63   -1.50 1   96.86 -410.03 -279.38 2   -6.51  287.77   -4.73 
106.00    6.05    2.65   -1.50 1   98.29 -416.28 -283.60 2   -6.62  290.89   -4.79 
107.00    6.10    2.68   -1.50 1   99.71 -422.52 -287.82 2   -6.74  294.00   -4.85 
108.00    6.15    2.70   -1.50 1  101.14 -428.77 -292.05 2   -6.85  297.11   -4.91 
109.00    6.20    2.73   -1.50 1  102.57 -435.01 -296.27 2   -6.96  300.22   -4.97 
110.00    6.25    2.75   -1.50 1  104.00 -441.26 -300.49 2   -7.07  303.33   -5.03 
111.00    6.30    2.78   -1.50 1  105.43 -447.50 -304.71 2   -7.19  306.44   -5.09 
112.00    6.35    2.80   -1.50 1  106.86 -453.75 -308.93 2   -7.30  309.55   -5.15 
113.00    6.40    2.83   -1.50 1  108.29 -459.99 -313.16 2   -7.41  312.66   -5.21 
114.00    6.45    2.85   -1.50 1  109.72 -466.24 -317.38 2   -7.52  315.78   -5.27 
115.00    6.50    2.88   -1.50 1  111.15 -472.48 -321.60 2   -7.64  318.89   -5.33 
116.00    6.55    2.90   -1.50 1  112.58 -478.73 -325.82 2   -7.75  322.00   -5.39 
117.00    6.60    2.93   -1.50 1  114.01 -484.98 -330.05 2   -7.86  325.11   -5.45 
118.00    6.65    2.95   -1.50 1  115.44 -491.22 -334.27 2   -7.97  328.22   -5.51 
119.00    6.70    2.98   -1.50 1  116.87 -497.47 -338.49 2   -8.09  331.33   -5.57 
120.00    6.75    3.00   -1.50 1  118.30 -503.71 -342.71 2   -8.20  334.44   -5.63 
121.00    6.80    3.03   -1.50 1  119.73 -509.96 -346.93 2   -8.31  337.55   -5.69 
122.00    6.85    3.05   -1.50 1  121.16 -516.20 -351.16 2   -8.42  340.66   -5.75 
123.00    6.90    3.08   -1.50 1  122.59 -522.45 -355.38 2   -8.53  343.77   -5.81 
124.00    6.95    3.10   -1.50 1  124.02 -528.69 -359.60 2   -8.65  346.89   -5.88 
125.00    7.00    3.13   -1.50 1  125.45 -534.94 -363.82 2   -8.76  350.00   -5.94 
126.00    7.05    3.15   -1.50 1  126.88 -541.18 -368.04 2   -8.87  353.11   -6.00 
127.00    7.10    3.18   -1.50 1  128.31 -547.43 -372.27 2   -8.98  356.22   -6.06 
128.00    7.15    3.20   -1.50 1  129.74 -553.67 -376.49 2   -9.10  359.33   -6.12 
129.00    7.20    3.23   -1.50 1  131.17 -559.92 -380.71 2   -9.21  362.44   -6.18 
130.00    7.25    3.25   -1.50 1  132.60 -566.16 -384.93 2   -9.32  365.55   -6.24 
131.00    7.30    3.28   -1.50 1  134.03 -572.41 -389.15 2   -9.43  368.66   -6.30 
132.00    7.35    3.30   -1.50 1  135.46 -578.65 -393.38 2   -9.55  371.77   -6.36 
133.00    7.40    3.33   -1.50 1  136.89 -584.90 -397.60 2   -9.66  374.88   -6.42 
134.00    7.45    3.35   -1.50 1  138.32 -591.14 -401.82 2   -9.77  377.99   -6.48 
135.00    7.50    3.38   -1.50 1  139.75 -597.39 -406.04 2   -9.88  381.10   -6.54 
136.00    7.55    3.40   -1.50 1  141.18 -603.63 -410.26 2   -9.99  384.21   -6.60 
137.00    7.60    3.43   -1.50 1  142.61 -609.88 -414.49 2  -10.11  387.33   -6.66 
138.00    7.65    3.45   -1.50 1  144.04 -616.12 -418.71 2  -10.22  390.44   -6.72 
139.00    7.70    3.48   -1.50 1  145.47 -622.37 -422.93 2  -10.33  393.55   -6.78 
140.00    7.75    3.50   -1.50 1  146.90 -628.61 -427.15 2  -10.44  396.66   -6.84 
141.00    7.80    3.53   -1.50 1  148.33 -634.86 -431.37 2  -10.56  399.77   -6.90 
142.00    7.85    3.55   -1.50 1  149.76 -641.10 -435.60 2  -10.67  402.88   -6.96 
143.00    7.90    3.58   -1.50 1  151.19 -647.35 -439.82 2  -10.78  405.99   -7.02 
144.00    7.95    3.60   -1.50 1  152.62 -653.59 -444.04 2  -10.89  409.10   -7.08 
145.00    8.00    3.63   -1.50 1  154.05 -659.84 -448.26 2  -11.01  412.21   -7.14 
146.00    8.05    3.65   -1.50 1  155.48 -666.08 -452.48 2  -11.12  415.32   -7.20 
147.00    8.10    3.68   -1.50 1  156.91 -672.33 -456.71 2  -11.23  418.43   -7.26 
148.00    8.15    3.70   -1.50 1  158.34 -678.57 -460.93 2  -11.34  421.54   -7.32 
149.00    8.20    3.73   -1.50 1  159.77 -684.82 -465.15 2  -11.45  424.65   -7.38 
150.00    8.25    3.75   -1.50 1  161.20 -691.06 -469.37 2  -11.57  427.76   -7.44 
151.00    8.30    3.78   -1.50 1  162.63 -697.31 -473.59 2  -11.68  430.87   -7.50 
152.00    8.35    3.80   -1.50 1  164.06 -703.55 -477.82 2  -11.79  433.98   -7.56 
153.00    8.40    3.83   -1.50 1  165.49 -709.80 -482.04 2  -11.90  437.09   -7.62 
154.00    8.45    3.85   -1.50 1  166.92 -716.04 -486.26 2  -12.02  440.21   -7.68 
155.00    8.50    3.88   -1.50 1  168.35 -722.29 -490.48 2  -12.13  443.32   -7.74 
156.00    8.55    3.90   -1.50 1  169.78 -728.53 -494.70 2  -12.24  446.43   -7.80 
157.00    8.60    3.93   -1.50 1  171.21 -734.78 -498.93 2  -12.35  449.54   -7.86 
158.00    8.65    3.95   -1.50 1  172.64 -741.02 -503.15 2  -12.47  452.65   -7.92 
159.00    8.70    3.98   -1.50 1  174.07 -747.27 -507.37 2  -12.58  455.76   -7.98 
160.00    8.76    4.00   -1.50 1  175.50 -753.51 -511.59 2  -12.69  458.87   -8.04 
161.00    8.81    4.03   -1.50 1  176.93 -759.76 -515.81 2  -12.80  461.98   -8.10 
162.00    8.86    4.05   -1.50 1  178.36 -766.00 -520.04 2  -12.91  465.09   -8.16 
163.00    8.91    4.08   -1.50 1  179.79 -772.25 -524.26 2  -13.03  468.20   -8.23 
164.00    8.96    4.10   -1.50 1  181.22 -778.49 -528.48 2  -13.14  471.31   -8.29 
165.00    9.01    4.13   -1.50 1  182.65 -784.74 -532.70 2  -13.25  474.42   -8.35 
166.00    9.06    4.15   -1.50 1  184.08 -790.98 -536.92 2  -13.36  477.53   -8.41 
167.00    9.11    4.18   -1.50 1  185.51 -797.23 -541.15 2  -13.48  480.64   -8.47 
168.00    9.16    4.20   -1.50 1  186.94 -803.47 -545.37 2  -13.59  483.75   -8.53 
169.00    9.21    4.23   -1.50 1  188.37 -809.72 -549.59 2  -13.70  486.86   -8.59 
170.00    9.26    4.25   -1.50 1  189.80 -815.96 -553.81 2  -13.81  489.97   -8.65 
171.00    9.31    4.28   -1.50 1  191.23 -822.21 -558.03 2  -13.93  493.08   -8.71 
172.00    9.36    4.30   -1.50 1  192.66 -828.45 -562.26 2  -14.04  496.19   -8.77 
173.00    9.41    4.33   -1.50 1  194.09 -834.70 -566.48 2  -14.15  499.30   -8.83 
174.00    9.46    4.35   -1.50 1  195.52 -840.94 -570.70 2  -14.26  502.41   -8.89 
175.00    9.51    4.38   -1.50 1  196.95 -847.19 -574.92 2  -14.37  505.52   -8.95 
176.00    9.56    4.40   -1.50 1  198.38 -853.43 -579.14 2  -14.49  508.63   -9.01 
177.00    9.61    4.43   -1.50 1  199.81 -859.68 -583.37 2  -14.60  511.74   -9.07 
178.00    9.66    4.45   -1.50 1  201.24 -865.92 -587.59 2  -14.71  514.85   -9.13 
179.00    9.71    4.48   -1.50 1  202.67 -872.17 -591.81 2  -14.82  517.96   -9.19 
180.00    9.76    4.50   -1.50 1  204.10 -878.41 -596.03 2  -14.94  521.07   -9.25 
181.00    9.81    4.53   -1.50 1  205.53 -884.66 -600.25 2  -15.05  524.18   -9.31 
182.00    9.86    4.55   -1.50 1  206.96 -890.90 -604.48 2  -15.16  527.30   -9.37 
183.00    9.91    4.58   -1.50 1  208.39 -897.15 -608.70 2  -15.27  530.41   -9.43 
184.00    9.96    4.60   -1.50 1  209.82 -903.39 -612.92 2  -15.39  533.52   -9.49 
185.00   10.01    4.63   -1.50 1  211.25 -909.64 -617.14 2  -15.50  536.63   -9.55 
186.00   10.06    4.65   -1.50 1  212.68 -915.88 -621.36 2  -15.61  539.74   -9.61 
187.00   10.11    4.68   -1.50 1  214.11 -922.13 -625.59 2  -15.72  542.85   -9.67 
188.00   10.16    4.70   -1.50 1  215.54 -928.37 -629.81 2  -15.83  545.96   -9.73 
189.00   10.21    4.73   -1.50 1  216.97 -934.62 -634.03 2  -15.95  549.07   -9.79 
190.00   10.26    4.75   -1.50 1  218.40 -940.86 -638.25 2  -16.06  552.18   -9.85 
191.00   10.31    4.78   -1.50 1  219.83 -947.11 -642.47 2  -16.17  555.29   -9.91 
192.00   10.36    4.80   -1.50 1  221.26 -953.35 -646.70 2  -16.28  558.40   -9.97 
193.00   10.41    4.83   -1.50 1  222.69 -959.60 -650.92 2  -16.40  561.51  -10.03 
194.00   10.46    4.85   -1.50 1  224.12 -965.84 -655.14 2  -16.51  564.62  -10.09 
195.00   10.51    4.88   -1.50 1  225.55 -972.09 -659.36 2  -16.62  567.73  -10.15 
196.00   10.56    4.90   -1.50 1  226.98 -978.33 -663.58 2  -16.73  570.84  -10.21 
197.00   10.61    4.93   -1.50 1  228.41 -984.58 -667.81 2  -16.85  573.95  -10.27 
198.00   10.66    4.95   -1.50 1  229.84 -990.82 -672.03 2  -16.96  577.06  -10.33 
199.00   10.71    4.98   -1.50 1  231.26 -997.07 -676.25 2  -17.07  580.17  -10.39 
200.00   10.76    5.00   -1.50 1  232.69 -1003.31 -680.47 2  -17.18  583.28  -10.45 
201.00   10.81    5.03   -1.50 1  234.12 -1009.56 -684.69 2  -17.29  586.39  -10.51 
202.00   10.86    5.05   -1.50 1  235.55 -1015.80 -688.92 2  -17.41  589.50  -10.57 
203.00   10.91    5.08   -1.50 1  236.98 -1022.05 -693.14 2  -17.52  592.61  -10.64 
204.00   10.96    5.10   -1.50 1  238.41 -1028.29 -697.36 2  -17.63  595.72  -10.70 
205.00   11.01    5.13   -1.50 1  239.84 -1034.54 -701.58 2  -17.74  598.83  -10.76 
206.00   11.06    5.15   -1.50 1  241.27 -1040.78 -705.80 2  -17.86  601.94  -10.82 
207.00   11.11    5.18   -1.50 1  242.70 -1047.03 -710.03 2  -17.97  605.05  -10.88 
208.00   11.16    5.20   -1.50 1  244.13 -1053.27 -714.25 2  -18.08  608.16  -10.94 
209.00   11.21    5.23   -1.50 1  245.56 -1059.52 -718.47 2  -18.19  611.27  -11.00 
210.00   11.26    5.25   -1.50 1  246.99 -1065.76 -722.69 2  -18.31  614.38  -11.06 
211.00   11.31    5.28   -1.50 1  248.42 -1072.01 -726.91 2  -18.42  617.49  -11.12 
212.00   11.36    5.30   -1.50 1  249.85 -1078.25 -731.13 2  -18.53  620.60  -11.18 
213.00   11.41    5.33   -1.50 1  251.28 -1084.50 -735.36 2  -18.64  623.71  -11.24 
214.00   11.46    5.35   -1.50 1  252.71 -1090.74 -739.58 2  -18.75  626.82  -11.30 
215.00   11.51    5.38   -1.50 1  254.14 -1096.99 -743.80 2  -18.87  629.93  -11.36 
216.00   11.56    5.40   -1.50 1  255.57 -1103.23 -748.02 2  -18.98  633.04  -11.42 
217.00   11.61    5.43   -1.50 1  257.00 -1109.48 -752.24 2  -19.09  636.15  -11.48 
218.00   11.66    5.45   -1.50 1  258.43 -1115.72 -756.47 2  -19.20  639.26  -11.54 
219.00   11.71    5.48   -1.50 1  259.86 -1121.97 -760.69 2  -19.32  642.37  -11.60 
220.00   11.76    5.50   -1.50 1  261.29 -1128.21 -764.91 2  -19.43  645.48  -11.66 
221.00   11.81    5.53   -1.50 1  262.72 -1134.46 -769.13 2  -19.54  648.59  -11.72 
222.00   11.86    5.55   -1.50 1  264.15 -1140.70 -773.35 2  -19.65  651.70  -11.78 
223.00   11.91    5.58   -1.50 1  265.58 -1146.95 -777.58 2  -19.76  654.81  -11.84 
224.00   11.96    5.60   -1.50 1  267.01 -1153.19 -781.80 2  -19.88  657.92  -11.90 
225.00   12.01    5.63   -1.50 1  268.44 -1159.44 -786.02 2  -19.99  661.03  -11.96 
226.00   12.06    5.65   -1.50 1  269.87 -1165.68 -790.24 2  -20.10  664.14  -12.02 
227.00   12.11    5.68   -1.50 1  271.30 -1171.93 -794.46 2  -20.21  667.25  -12.08 
228.00   12.16    5.70   -1.50 1  272.73 -1178.17 -798.69 2  -20.33  670.36  -12.14 
229.00   12.21    5.73   -1.50 1  274.16 -1184.42 -802.91 2  -20.44  673.47  -12.20 
230.00   12.26    5.75   -1.50 1  275.59 -1190.66 -807.13 2  -20.55  676.58  -12.26 
231.00   12.31    5.78   -1.50 1  277.02 -1196.91 -811.35 2  -20.66  679.69  -12.32 
232.00   12.36    5.80   -1.50 1  278.45 -1203.15 -815.57 2  -20.78  682.80  -12.38 
233.00   12.41    5.83   -1.50 1  279.88 -1209.40 -819.80 2  -20.89  685.91  -12.44 
234.00   12.46    5.85   -1.50 1  281.31 -1215.64 -824.02 2  -21.00  689.02  -12.50 
235.00   12.51    5.88   -1.50 1  282.74 -1221.89 -828.24 2  -21.11  692.13  -12.56 
236.00   12.56    5.90   -1.50 1  284.17 -1228.13 -832.46 2  -21.22  695.24  -12.62 
237.00   12.61    5.93   -1.50 1  285.60 -1234.38 -836.68 2  -21.34  698.35  -12.68 
238.00   12.66    5.95   -1.50 1  287.03 -1240.62 -840.91 2  -21.45  701.46  -12.74 
239.00   12.71    5.98   -1.50 1  288.46 -1246.87 -845.13 2  -21.56  704.57  -12.80 
240.00   12.76    6.00   -1.50 1  289.89 -1253.11 -849.35 2  -21.67  707.68  -12.86 
241.00   12.81    6.03   -1.50 1  291.32 -1259.36 -853.57 2  -21.79  710.79  -12.92 
242.00   12.86    6.05   -1.50 1  292.75 -1265.60 -857.79 2  -21.90  713.90  -12.98 
243.00   12.91    6.08   -1.50 1  294.18 -1271.85 -862.02 2  -22.01  717.01  -13.04 
244.00   12.96    6.10   -1.50 1  295.61 -1278.09 -866.24 2  -22.12  720.12  -13.11 
245.00   13.01    6.13   -1.50 1  297.04 -1284.34 -870.46 2  -22.24  723.23  -13.17 
246.00   13.06    6.15   -1.50 1  298.47 -1290.58 -874.68 2  -22.35  726.34  -13.23 
247.00   13.11    6.18   -1.50 1  299.90 -1296.83 -878.90 2  -22.46  729.45  -13.29 
248.00   13.16    6.20   -1.50 1  301.33 -1303.07 -883.12 2  -22.57  732.56  -13.35 
249.00   13.21    6.23   -1.50 1  302.76 -1309.32 -887.35 2  -22.68  735.67  -13.41 
250.00   13.26    6.25   -1.50 1  304.19 -1315.56 -891.57 2  -22.80  738.78  -13.47 
251.00   13.31    6.28   -1.50 1  305.62 -1321.81 -895.79 2  -22.91  741.89  -13.53 
252.00   13.36    6.30   -1.50 1  307.05 -1328.05 -900.01 2  -23.02  745.00  -13.59 
253.00   13.41    6.33   -1.50 1  308.48 -1334.30 -904.23 2  -23.13  748.11  -13.65 
254.00   13.46    6.35   -1.50 1  309.91 -1340.54 -908.46 2  -23.25  751.22  -13.71 
255.00   13.51    6.38   -1.50 1  311.34 -1346.79 -912.68 2  -23.36  754.33  -13.77 
256.00   13.56    6.40   -1.50 1  312.77 -1353.03 -916.90 2  -23.47  757.44  -13.83 
257.00   13.61    6.43   -1.50 1  314.20 -1359.28 -921.12 2  -23.58  760.55  -13.89 
258.00   13.66    6.45   -1.50 1  315.63 -1365.52 -925.34 2  -23.69  763.66  -13.95 
259.00   13.71    6.48   -1.50 1  317.06 -1371.77 -929.57 2  -23.81  766.77  -14.01 
260.00   13.76    6.50   -1.50 1  318.49 -1378.01 -933.79 2  -23.92  769.88  -14.07 
261.00   13.81    6.53   -1.50 1  319.92 -1384.25 -938.01 2  -24.03  772.99  -14.13 
262.00   13.86    6.55   -1.50 1  321.35 -1390.50 -942.23 2  -24.14  776.10  -14.19 
263.00   13.91    6.58   -1.50 1  322.78 -1396.74 -946.45 2  -24.26  779.21  -14.25 
264.00   13.96    6.60   -1.50 1  324.21 -1402.99 -950.68 2  -24.37  782.32  -14.31 
265.00   14.01    6.63   -1.50 1  325.64 -1409.23 -954.90 2  -24.48  785.43  -14.37 
266.00   14.06    6.65   -1.50 1  327.07 -1415.48 -959.12 2  -24.59  788.54  -14.43 
267.00   14.11    6.68   -1.50 1  328.50 -1421.72 -963.34 2  -24.71  791.65  -14.49 
268.00   14.16    6.70   -1.50 1  329.93 -1427.97 -967.56 2  -24.82  794.76  -14.55 
269.00   14.21    6.73   -1.50 1  331.36 -1434.21 -971.79 2  -24.93  797.87  -14.61 
270.00   14.26    6.75   -1.50 1  332.79 -1440.46 -976.01 2  -25.04  800.98  -14.67 
271.00   14.31    6.78   -1.50 1  334.22 -1446.70 -980.23 2  -25.15  804.08  -14.73 
272.00   14.36    6.80   -1.50 1  335.65 -1452.95 -984.45 2  -25.27  807.19  -14.79 
273.00   14.41    6.83   -1.50 1  337.07 -1459.19 -988.67 2  -25.38  810.30  -14.85 
274.00   14.46    6.85   -1.50 1  338.50 -1465.44 -992.89 2  -25.49  813.41  -14.91 
275.00   14.51    6.88   -1.50 1  339.93 -1471.68 -997.12 2  -25.60  816.52  -14.97 
276.00   14.56    6.90   -1.50 1  341.36 -1477.93 -1001.34 2  -25.72  819.63  -15.03 
277.00   14.61    6.93   -1.50 1  342.79 -1484.17 -1005.56 2  -25.83  822.74  -15.09 
278.00   14.66    6.95   -1.50 1  344.22 -1490.42 -1009.78 2  -25.94  825.85  -15.15 
279.00   14.71    6.98   -1.50 1  345.65 -1496.66 -1014.00 2  -26.05  828.96  -15.21 
280.00   14.76    7.00   -1.50 1  347.08 -1502.91 -1018.23 2  -26.16  832.07  -15.27 
281.00   14.81    7.03   -1.50 1  348.51 -1509.15 -1022.45 2  -26.28  835.18  -15.33 
282.00   14.86    7.05   -1.50 1  349.94 -1515.40 -1026.67 2  -26.39  838.29  -15.39 
283.00   14.91    7.08   -1.50 1  351.37 -1521.64 -1030.89 2  -26.50  841.40  -15.45 
284.00   14.96    7.10   -1.50 1  352.80 -1527.89 -1035.11 2  -26.61  844.51  -15.51 
285.00   15.01    7.13   -1.50 1  354.23 -1534.13 -1039.34 2  -26.73  847.62  -15.58 
286.00   15.06    7.15   -1.50 1  355.66 -1540.38 -1043.56 2  -26.84  850.73  -15.64 
287.00   15.11    7.18   -1.50 1  357.09 -1546.62 -1047.78 2  -26.95  853.84  -15.70 
288.00   15.16    7.20   -1.50 1  358.52 -1552.87 -1052.00 2  -27.06  856.95  -15.76 
289.00   15.21    7.23   -1.50 1  359.95 -1559.11 -1056.22 2  -27.18  860.06  -15.82 
290.00   15.26    7.25   -1.50 1  361.38 -1565.36 -1060.45 2  -27.29  863.17  -15.88 
291.00   15.31    7.28   -1.50 1  362.81 -1571.60 -1064.67 2  -27.40  866.28  -15.94 
292.00   15.36    7.30   -1.50 1  364.24 -1577.85 -1068.89 2  -27.51  869.39  -16.00 
293.00   15.41    7.33   -1.50 1  365.67 -1584.09 -1073.11 2  -27.62  872.50  -16.06 
294.00   15.46    7.35   -1.50 1  367.10 -1590.34 -1077.33 2  -27.74  875.61  -16.12 
295.00   15.51    7.38   -1.50 1  368.53 -1596.58 -1081.56 2  -27.85  878.72  -16.18 
296.00   15.56    7.40   -1.50 1  369.96 -1602.83 -1085.78 2  -27.96  881.83  -16.24 
297.00   15.61    7.43   -1.50 1  371.39 -1609.07 -1090.00 2  -28.07  884.94  -16.30 
298.00   15.66    7.45   -1.50 1  372.82 -1615.32 -1094.22 2  -28.19  888.05  -16.36 
299.00   15.71    7.48   -1.50 1  374.25 -1621.56 -1098.44 2  -28.30  891.16  -16.42 
300.00   15.76    7.50   -1.50 1  375.68 -1627.81 -1102.66 2  -28.41  894.27  -16.48 
301.00   15.81    7.53   -1.50 1  377.11 -1634.05 -1106.89 2  -28.52  897.38  -16.54 
302.00   15.86    7.55   -1.50 1  378.54 -1640.30 -1111.11 2  -28.63  900.49  -16.60 
303.00   15.91    7.58   -1.50 1  379.97 -1646.54 -1115.33 2  -28.75  903.60  -16.66 
304.00   15.96    7.60   -1.50 1  381.40 -1652.79 -1119.55 2  -28.86  906.71  -16.72 
305.00   16.01    7.63   -1.50 1  382.83 -1659.03 -1123.77 2  -28.97  909.82  -16.78 
306.00   16.06    7.65   -1.50 1  384.26 -1665.28 -1128.00 2  -29.08  912.93  -16.84 
307.00   16.11    7.68   -1.50 1  385.69 -1671.52 -1132.22 2  -29.20  916.04  -16.90 
308.00   16.16    7.70   -1.50 1  387.12 -1677.77 -1136.44 2  -29.31  919.15  -16.96 
309.00   16.21    7.73   -1.50 1  388.55 -1684.01 -1140.66 2  -29.42  922.26  -17.02 
310.00   16.26    7.75   -1.50 1  389.98 -1690.26 -1144.88 2  -29.53  925.37  -17.08 
311.00   16.31    7.78   -1.50 1  391.41 -1696.50 -1149.11 2  -29.65  928.48  -17.14 
312.00   16.36    7.80   -1.50 1  392.84 -1702.75 -1153.33 2  -29.76  931.58  -17.20 
313.00   16.41    7.83   -1.50 1  394.27 -1708.99 -1157.55 2  -29.87  934.69  -17.26 
314.00   16.46    7.85   -1.50 1  395.70 -1715.24 -1161.77 2  -29.98  937.80  -17.32 
315.00   16.51    7.88   -1.50 1  397.13 -1721.48 -1165.99 2  -30.09  940.91  -17.38 
316.00   16.56    7.90   -1.50 1  398.56 -1727.72 -1170.22 2  -30.21  944.02  -17.44 
317.00   16.61    7.93   -1.50 1  399.99 -1733.97 -1174.44 2  -30.32  947.13  -17.50 
318.00   16.66    7.95   -1.50 1  401.42 -1740.21 -1178.66 2  -30.43  950.24  -17.56 
319.00   16.71    7.98   -1.50 1  402.85 -1746.46 -1182.88 2  -30.54  953.35  -17.62 
320.00   16.76    8.00   -1.50 1  404.28 -1752.70 -1187.10 2  -30.66  956.46  -17.68 
321.00   16.81    8.03   -1.50 1  405.71 -1758.95 -1191.32 2  -30.77  959.57  -17.74 
322.00   16.86    8.05   -1.50 1  407.14 -1765.19 -1195.55 2  -30.88  962.68  -17.80 
323.00   16.91    8.08   -1.50 1  408.57 -1771.44 -1199.77 2  -30.99  965.79  -17.86 
324.00   16.96    8.10   -1.50 1  410.00 -1777.68 -1203.99 2  -31.10  968.90  -17.92 
325.00   17.01    8.13   -1.50 1  411.43 -1783.93 -1208.21 2  -31.22  972.01  -17.98 
326.00   17.06    8.15   -1.50 1  412.86 -1790.17 -1212.43 2  -31.33  975.12  -18.05 
327.00   17.11    8.18   -1.50 1  414.29 -1796.42 -1216.66 2  -31.44  978.23  -18.11 
328.00   17.16    8.20   -1.50 1  415.72 -1802.66 -1220.88 2  -31.55  981.34  -18.17 
329.00   17.21    8.23   -1.50 1  417.15 -1808.91 -1225.10 2  -31.67  984.45  -18.23 
330.00   17.26    8.25   -1.50 1  418.58 -1815.15 -1229.32 2  -31.78  987.56  -18.29 
331.00   17.31    8.28   -1.50 1  420.01 -1821.40 -1233.54 2  -31.89  990.67  -18.35 
332.00   17.36    8.30   -1.50 1  421.44 -1827.64 -1237.77 2  -32.00  993.78  -18.41 
333.00   17.41    8.33   -1.50 1  422.87 -1833.89 -1241.99 2  -32.12  996.89  -18.47 
334.00   17.46    8.35   -1.50 1  424.30 -1840.13 -1246.21 2  -32.23 1000.00  -18.53 
335.00   17.51    8.38   -1.50 1  425.73 -1846.38 -1250.43 2  -32.34 1003.11  -18.59 
336.00   17.56    8.40   -1.50 1  427.16 -1852.62 -1254.65 2  -32.45 1006.22  -18.65 
337.00   17.61    8.43   -1.50 1  428.59 -1858.87 -1258.88 2  -32.56 1009.33  -18.71 
338.00   17.66    8.45   -1.50 1  430.02 -1865.11 -1263.10 2  -32.68 1012.44  -18.77 
339.00   17.71    8.48   -1.50 1  431.45 -1871.36 -1267.32 2  -32.79 1015.55  -18.83 
340.00   17.76    8.50   -1.50 1  432.88 -1877.60 -1271.54 2  -32.90 1018.66  -18.89 
341.00   17.81    8.53   -1.50 1  434.31 -1883.85 -1275.76 2  -33.01 1021.77  -18.95 
342.00   17.86    8.55   -1.50 1  435.74 -1890.09 -1279.98 2  -33.13 1024.88  -19.01 
343.00   17.91    8.58   -1.50 1  437.16 -1896.34 -1284.21 2  -33.24 1027.98  -19.07 
344.00   17.96    8.60   -1.50 1  438.59 -1902.58 -1288.43 2  -33.35 1031.09  -19.13 
345.00   18.01    8.63   -1.50 1  440.02 -1908.83 -1292.65 2  -33.46 1034.20  -19.19 
346.00   18.06    8.65   -1.50 1  441.45 -1915.07 -1296.87 2  -33.57 1037.31  -19.25 
347.00   18.11    8.68   -1.50 1  442.88 -1921.32 -1301.09 2  -33.69 1040.42  -19.31 
348.00   18.16    8.70   -1.50 1  444.31 -1927.56 -1305.32 2  -33.80 1043.53  -19.37 
349.00   18.21    8.73   -1.50 1  445.74 -1933.81 -1309.54 2  -33.91 1046.64  -19.43 
350.00   18.26    8.75   -1.50 1  447.17 -1940.05 -1313.76 2  -34.02 1049.75  -19.49 
351.00   18.31    8.78   -1.50 1  448.60 -1946.30 -1317.98 2  -34.14 1052.86  -19.55 
352.00   18.36    8.80   -1.50 1  450.03 -1952.54 -1322.20 2  -34.25 1055.97  -19.61 
353.00   18.41    8.83   -1.50 1  451.46 -1958.79 -1326.43 2  -34.36 1059.08  -19.67 
354.00   18.46    8.85   -1.50 1  452.89 -1965.03 -1330.65 2  -34.47 1062.19  -19.73 
355.00   18.51    8.88   -1.50 1  454.32 -1971.28 -1334.87 2  -34.59 1065.30  -19.79 
356.00   18.56    8.90   -1.50 1  455.75 -1977.52 -1339.09 2  -34.70 1068.41  -19.85 
357.00   18.61    8.93   -1.50 1  457.18 -1983.77 -1343.31 2  -34.81 1071.52  -19.91 
358.00   18.66    8.95   -1.50 1  458.61 -1990.01 -1347.54 2  -34.92 1074.63  -19.97 
359.00   18.71    8.98   -1.50 1  460.04 -1996.26 -1351.76 2  -35.03 1077.74  -20.03 
360.00   18.76    9.00   -1.50 1  461.47 -2002.50 -1355.98 2  -35.15 1080.85  -20.09 
361.00   18.81    9.03   -1.50 1  462.90 -2008.74 -1360.20 2  -35.26 1083.96  -20.15 
362.00   18.86    9.05   -1.50 1  464.33 -2014.99 -1364.42 2  -35.37 1087.07  -20.21 
363.00   18.91    9.08   -1.50 1  465.76 -2021.23 -1368.64 2  -35.48 1090.18  -20.27 
364.00   18.96    9.10   -1.50 1  467.19 -2027.48 -1372.87 2  -35.60 1093.29  -20.33 
365.00   19.01    9.13   -1.50 1  468.62 -2033.72 -1377.09 2  -35.71 1096.40  -20.39 
366.00   19.06    9.15   -1.50 1  470.05 -2039.97 -1381.31 2  -35.82 1099.51  -20.45 
367.00   19.11    9.18   -1.50 1  471.48 -2046.21 -1385.53 2  -35.93 1102.62  -20.51 
368.00   19.16    9.20   -1.50 1  472.91 -2052.46 -1389.75 2  -36.04 1105.73  -20.58 
369.00   19.21    9.23   -1.50 1  474.34 -2058.70 -1393.98 2  -36.16 1108.83  -20.64 
370.00   19.26    9.25   -1.50 1  475.77 -2064.95 -1398.20 2  -36.27 1111.94  -20.70 
371.00   19.31    9.28   -1.50 1  477.20 -2071.19 -1402.42 2  -36.38 1115.05  -20.76 
372.00   19.36    9.30   -1.50 1  478.63 -2077.44 -1406.64 2  -36.49 1118.16  -20.82 
373.00   19.41    9.33   -1.50 1  480.06 -2083.68 -1410.86 2  -36.61 1121.27  -20.88 
374.00   19.46    9.35   -1.50 1  481.49 -2089.93 -1415.09 2  -36.72 1124.38  -20.94 
375.00   19.51    9.38   -1.50 1  482.92 -2096.17 -1419.31 2  -36.83 1127.49  -21.00 
376.00   19.56    9.40   -1.50 1  484.35 -2102.42 -1423.53 2  -36.94 1130.60  -21.06 
377.00   19.61    9.43   -1.50 1  485.78 -2108.66 -1427.75 2  -37.05 1133.71  -21.12 
378.00   19.66    9.45   -1.50 1  487.21 -2114.91 -1431.97 2  -37.17 1136.82  -21.18 
379.00   19.71    9.48   -1.50 1  488.64 -2121.15 -1436.19 2  -37.28 1139.93  -21.24 
380.00   19.76    9.50   -1.50 1  490.07 -2127.40 -1440.42 2  -37.39 1143.04  -21.30 
381.00   19.81    9.53   -1.50 1  491.50 -2133.64 -1444.64 2  -37.50 1146.15  -21.36 
382.00   19.86    9.55   -1.50 1  492.93 -2139.89 -1448.86 2  -37.62 1149.26  -21.42 
383.00   19.91    9.58   -1.50 1  494.36 -2146.13 -1453.08 2  -37.73 1152.37  -21.48 
384.00   19.96    9.60   -1.50 1  495.79 -2152.38 -1457.30 2  -37.84 1155.48  -21.54 
385.00   20.01    9.63   -1.50 1  497.22 -2158.62 -1461.53 2  -37.95 1158.59  -21.60 
386.00   20.06    9.65   -1.50 1  498.65 -2164.87 -1465.75 2  -38.07 1161.70  -21.66 
387.00   20.11    9.68   -1.50 1  500.08 -2171.11 -1469.97 2  -38.18 1164.81  -21.72 
388.00   20.16    9.70   -1.50 1  501.51 -2177.36 -1474.19 2  -38.29 1167.92  -21.78 
389.00   20.21    9.73   -1.50 1  502.94 -2183.60 -1478.41 2  -38.40 1171.03  -21.84 
390.00   20.26    9.75   -1.50 1  504.37 -2189.85 -1482.64 2  -38.51 1174.14  -21.90 
391.00   20.31    9.78   -1.50 1  505.80 -2196.09 -1486.86 2  -38.63 1177.25  -21.96 
392.00   20.36    9.80   -1.50 1  507.23 -2202.34 -1491.08 2  -38.74 1180.35  -22.02 
393.00   20.41    9.83   -1.50 1  508.66 -2208.58 -1495.30 2  -38.85 1183.46  -22.08 
394.00   20.46    9.85   -1.50 1  510.09 -2214.83 -1499.52 2  -38.96 1186.57  -22.14 
395.00   20.51    9.88   -1.50 1  511.52 -2221.07 -1503.75 2  -39.08 1189.68  -22.20 
396.00   20.56    9.90   -1.50 1  512.95 -2227.32 -1507.97 2  -39.19 1192.79  -22.26 
397.00   20.61    9.93   -1.50 1  514.38 -2233.56 -1512.19 2  -39.30 1195.90  -22.32 
398.00   20.66    9.95   -1.50 1  515.81 -2239.81 -1516.41 2  -39.41 1199.01  -22.38 
399.00   20.71    9.98   -1.50 1  517.24 -2246.05 -1520.63 2  -39.52 1202.12  -22.44 
400.00   20.76   10.00   -1.50 1  518.67 -2252.30 -1524.85 2  -39.64 1205.23  -22.50 
